trip_id,arrival_time,departure_time,stop_id,stop_sequence,stop_headsign,pickup_type,drop_off_type,shape_dist_traveled
898357,12:19:00,12:19:00,7513,17,,0,0,3.4341
898358,10:59:00,10:59:00,7513,17,,0,0,3.4341
898359,10:19:00,10:19:00,7513,17,,0,0,3.4341
898360, 9:39:00, 9:39:00,7513,17,,0,0,3.4341
898361, 9:04:00, 9:04:00,7513,17,,0,0,3.4341
898362, 8:34:00, 8:34:00,7513,17,,0,0,3.4341
898363, 8:04:00, 8:04:00,7513,17,,0,0,3.4341
898364, 7:34:00, 7:34:00,7513,17,,0,0,3.4341
898365, 7:04:00, 7:04:00,7513,17,,0,0,3.4341
898367,11:39:00,11:39:00,7513,17,,0,0,3.4341
898376,17:04:00,17:04:00,7513,17,,0,0,3.4341
898377,16:34:00,16:34:00,7513,17,,0,0,3.4341
898378,16:04:00,16:04:00,7513,17,,0,0,3.4341
898379,15:34:00,15:34:00,7513,17,,0,0,3.4341
898380,14:49:00,14:49:00,7513,17,,0,0,3.4341
898381,14:14:00,14:14:00,7513,17,,0,0,3.4341
898382,13:39:00,13:39:00,7513,17,,0,0,3.4341
898383,12:59:00,12:59:00,7513,17,,0,0,3.4341
898384, 6:34:00, 6:34:00,7513,17,,0,0,3.4341
898385, 5:54:00, 5:54:00,7513,17,,0,0,3.4341
898366,23:39:00,23:39:00,7513,17,,0,0,3.4341
898368,22:39:00,22:39:00,7513,17,,0,0,3.4341
898369,21:34:00,21:34:00,7513,17,,0,0,3.4341
898370,20:34:00,20:34:00,7513,17,,0,0,3.4341
898371,19:34:00,19:34:00,7513,17,,0,0,3.4341
898372,18:59:00,18:59:00,7513,17,,0,0,3.4341
898373,18:34:00,18:34:00,7513,17,,0,0,3.4341
898374,18:04:00,18:04:00,7513,17,,0,0,3.4341
898375,17:34:00,17:34:00,7513,17,,0,0,3.4341
898484, 9:39:00, 9:39:00,7513,1,,0,0,
898484, 9:39:53, 9:39:53,6816,2,,0,0,0.1926
898485, 8:39:00, 8:39:00,7513,1,,0,0,
898485, 8:39:53, 8:39:53,6816,2,,0,0,0.1926
898486, 8:19:00, 8:19:00,7513,1,,0,0,
898486, 8:19:53, 8:19:53,6816,2,,0,0,0.1926
898487, 7:59:00, 7:59:00,7513,1,,0,0,
898487, 7:59:53, 7:59:53,6816,2,,0,0,0.1926
898488, 7:39:00, 7:39:00,7513,1,,0,0,
898488, 7:39:53, 7:39:53,6816,2,,0,0,0.1926
898489, 7:19:00, 7:19:00,7513,1,,0,0,
898489, 7:19:53, 7:19:53,6816,2,,0,0,0.1926
898490, 6:59:00, 6:59:00,7513,1,,0,0,
898490, 6:59:53, 6:59:53,6816,2,,0,0,0.1926
898491, 6:39:00, 6:39:00,7513,1,,0,0,
898491, 6:39:53, 6:39:53,6816,2,,0,0,0.1926
898492, 6:19:00, 6:19:00,7513,1,,0,0,
898492, 6:19:53, 6:19:53,6816,2,,0,0,0.1926
898503,14:49:00,14:49:00,7513,1,,0,0,
898503,14:49:53,14:49:53,6816,2,,0,0,0.1926
898504,14:14:00,14:14:00,7513,1,,0,0,
898504,14:14:53,14:14:53,6816,2,,0,0,0.1926
898505,13:39:00,13:39:00,7513,1,,0,0,
898505,13:39:53,13:39:53,6816,2,,0,0,0.1926
898506,12:59:00,12:59:00,7513,1,,0,0,
898506,12:59:53,12:59:53,6816,2,,0,0,0.1926
898507,12:19:00,12:19:00,7513,1,,0,0,
898507,12:19:53,12:19:53,6816,2,,0,0,0.1926
898508,15:09:00,15:09:00,7513,1,,0,0,
898508,15:09:53,15:09:53,6816,2,,0,0,0.1926
898514, 9:04:00, 9:04:00,7513,1,,0,0,
898514, 9:04:53, 9:04:53,6816,2,,0,0,0.1926
898515,11:39:00,11:39:00,7513,1,,0,0,
898515,11:39:53,11:39:53,6816,2,,0,0,0.1926
898516,10:59:00,10:59:00,7513,1,,0,0,
898516,10:59:53,10:59:53,6816,2,,0,0,0.1926
898517,10:19:00,10:19:00,7513,1,,0,0,
898517,10:19:53,10:19:53,6816,2,,0,0,0.1926
898518, 5:59:00, 5:59:00,7513,1,,0,0,
898518, 5:59:53, 5:59:53,6816,2,,0,0,0.1926
898519, 5:39:00, 5:39:00,7513,1,,0,0,
898519, 5:39:53, 5:39:53,6816,2,,0,0,0.1926
898493,23:39:00,23:39:00,7513,1,,0,0,
898493,23:39:53,23:39:53,6816,2,,0,0,0.1926
898494,18:24:00,18:24:00,7513,1,,0,0,
898494,18:24:53,18:24:53,6816,2,,0,0,0.1926
898495,17:59:00,17:59:00,7513,1,,0,0,
898495,17:59:53,17:59:53,6816,2,,0,0,0.1926
898496,17:39:00,17:39:00,7513,1,,0,0,
898496,17:39:53,17:39:53,6816,2,,0,0,0.1926
898497,17:19:00,17:19:00,7513,1,,0,0,
898497,17:19:53,17:19:53,6816,2,,0,0,0.1926
898498,16:59:00,16:59:00,7513,1,,0,0,
898498,16:59:53,16:59:53,6816,2,,0,0,0.1926
898499,16:39:00,16:39:00,7513,1,,0,0,
898499,16:39:53,16:39:53,6816,2,,0,0,0.1926
898500,16:19:00,16:19:00,7513,1,,0,0,
898500,16:19:53,16:19:53,6816,2,,0,0,0.1926
898501,15:59:00,15:59:00,7513,1,,0,0,
898501,15:59:53,15:59:53,6816,2,,0,0,0.1926
898502,15:39:00,15:39:00,7513,1,,0,0,
898502,15:39:53,15:39:53,6816,2,,0,0,0.1926
898509,22:39:00,22:39:00,7513,1,,0,0,
898509,22:39:53,22:39:53,6816,2,,0,0,0.1926
898510,21:34:00,21:34:00,7513,1,,0,0,
898510,21:34:53,21:34:53,6816,2,,0,0,0.1926
898511,20:34:00,20:34:00,7513,1,,0,0,
898511,20:34:53,20:34:53,6816,2,,0,0,0.1926
898512,19:34:00,19:34:00,7513,1,,0,0,
898512,19:34:53,19:34:53,6816,2,,0,0,0.1926
898513,18:59:00,18:59:00,7513,1,,0,0,
898513,18:59:53,18:59:53,6816,2,,0,0,0.1926
898525, 8:36:00, 8:36:00,7513,15,,0,0,3.2796
898526, 8:16:00, 8:16:00,7513,15,,0,0,3.2796
898527, 7:56:00, 7:56:00,7513,15,,0,0,3.2796
898550, 6:50:00, 6:50:00,7513,15,,0,0,3.2796
898551, 6:30:00, 6:30:00,7513,15,,0,0,3.2796
898552, 6:10:00, 6:10:00,7513,15,,0,0,3.2796
898554, 7:36:00, 7:36:00,7513,15,,0,0,3.2796
898555, 7:16:00, 7:16:00,7513,15,,0,0,3.2796
898536,18:18:00,18:18:00,7513,24,,0,0,5.1006
898537,17:58:00,17:58:00,7513,24,,0,0,5.1006
898538,17:38:00,17:38:00,7513,24,,0,0,5.1006
898539,17:18:00,17:18:00,7513,24,,0,0,5.1006
898540,16:58:00,16:58:00,7513,24,,0,0,5.1006
898541,16:38:00,16:38:00,7513,24,,0,0,5.1006
898542,16:18:00,16:18:00,7513,24,,0,0,5.1006
898543,15:48:00,15:48:00,7513,24,,0,0,5.1006
898544,15:28:00,15:28:00,7513,24,,0,0,5.1006
898642, 7:24:00, 7:24:00,7513,1,,0,0,
898642, 7:24:53, 7:24:53,6816,2,,0,0,0.1926
898643, 7:04:00, 7:04:00,7513,1,,0,0,
898643, 7:04:53, 7:04:53,6816,2,,0,0,0.1926
898645, 8:04:00, 8:04:00,7513,1,,0,0,
898645, 8:04:53, 8:04:53,6816,2,,0,0,0.1926
898646, 6:44:00, 6:44:00,7513,1,,0,0,
898646, 6:44:53, 6:44:53,6816,2,,0,0,0.1926
898647, 8:24:00, 8:24:00,7513,1,,0,0,
898647, 8:24:53, 8:24:53,6816,2,,0,0,0.1926
898648, 7:44:00, 7:44:00,7513,1,,0,0,
898648, 7:44:53, 7:44:53,6816,2,,0,0,0.1926
898649, 6:24:00, 6:24:00,7513,1,,0,0,
898649, 6:24:53, 6:24:53,6816,2,,0,0,0.1926
898650, 5:54:00, 5:54:00,7513,1,,0,0,
898650, 5:54:53, 5:54:53,6816,2,,0,0,0.1926
898621,19:14:00,19:14:00,7513,1,,0,0,
898621,19:14:53,19:14:53,6816,2,,0,0,0.1926
898622,17:24:00,17:24:00,7513,1,,0,0,
898622,17:24:53,17:24:53,6816,2,,0,0,0.1926
898623,16:04:00,16:04:00,7513,1,,0,0,
898623,16:04:53,16:04:53,6816,2,,0,0,0.1926
898624,15:24:00,15:24:00,7513,1,,0,0,
898624,15:24:53,15:24:53,6816,2,,0,0,0.1926
898625,17:04:00,17:04:00,7513,1,,0,0,
898625,17:04:53,17:04:53,6816,2,,0,0,0.1926
898626,16:24:00,16:24:00,7513,1,,0,0,
898626,16:24:53,16:24:53,6816,2,,0,0,0.1926
898627,15:44:00,15:44:00,7513,1,,0,0,
898627,15:44:53,15:44:53,6816,2,,0,0,0.1926
898628,14:54:00,14:54:00,7513,1,,0,0,
898628,14:54:53,14:54:53,6816,2,,0,0,0.1926
898629,18:04:00,18:04:00,7513,1,,0,0,
898629,18:04:53,18:04:53,6816,2,,0,0,0.1926
898630,14:24:00,14:24:00,7513,1,,0,0,
898630,14:24:53,14:24:53,6816,2,,0,0,0.1926
898631,13:24:00,13:24:00,7513,1,,0,0,
898631,13:24:53,13:24:53,6816,2,,0,0,0.1926
898632,12:24:00,12:24:00,7513,1,,0,0,
898632,12:24:53,12:24:53,6816,2,,0,0,0.1926
898633,18:44:00,18:44:00,7513,1,,0,0,
898633,18:44:53,18:44:53,6816,2,,0,0,0.1926
898634,17:44:00,17:44:00,7513,1,,0,0,
898634,17:44:53,17:44:53,6816,2,,0,0,0.1926
898635,12:54:00,12:54:00,7513,1,,0,0,
898635,12:54:53,12:54:53,6816,2,,0,0,0.1926
898636,13:54:00,13:54:00,7513,1,,0,0,
898636,13:54:53,13:54:53,6816,2,,0,0,0.1926
898637,11:54:00,11:54:00,7513,1,,0,0,
898637,11:54:53,11:54:53,6816,2,,0,0,0.1926
898638,11:24:00,11:24:00,7513,1,,0,0,
898638,11:24:53,11:24:53,6816,2,,0,0,0.1926
898639,10:24:00,10:24:00,7513,1,,0,0,
898639,10:24:53,10:24:53,6816,2,,0,0,0.1926
898640, 9:24:00, 9:24:00,7513,1,,0,0,
898640, 9:24:53, 9:24:53,6816,2,,0,0,0.1926
898641,16:44:00,16:44:00,7513,1,,0,0,
898641,16:44:53,16:44:53,6816,2,,0,0,0.1926
898644, 8:44:00, 8:44:00,7513,1,,0,0,
898644, 8:44:53, 8:44:53,6816,2,,0,0,0.1926
898651,10:54:00,10:54:00,7513,1,,0,0,
898651,10:54:53,10:54:53,6816,2,,0,0,0.1926
898652, 9:44:00, 9:44:00,7513,1,,0,0,
898652, 9:44:53, 9:44:53,6816,2,,0,0,0.1926
898653, 9:04:00, 9:04:00,7513,1,,0,0,
898653, 9:04:53, 9:04:53,6816,2,,0,0,0.1926
898760,18:34:00,18:34:00,7513,1,,0,0,
898761,18:04:00,18:04:00,7513,1,,0,0,
898762,17:34:00,17:34:00,7513,1,,0,0,
898763,17:04:00,17:04:00,7513,1,,0,0,
898764,16:34:00,16:34:00,7513,1,,0,0,
898765,16:04:00,16:04:00,7513,1,,0,0,
898766,15:34:00,15:34:00,7513,1,,0,0,
898767,14:04:00,14:04:00,7513,1,,0,0,
898768,12:04:00,12:04:00,7513,1,,0,0,
898769,10:04:00,10:04:00,7513,1,,0,0,
898770,15:04:00,15:04:00,7513,1,,0,0,
898771,13:04:00,13:04:00,7513,1,,0,0,
898772,11:04:00,11:04:00,7513,1,,0,0,
898773, 9:09:00, 9:09:00,7513,1,,0,0,
898774, 8:34:00, 8:34:00,7513,1,,0,0,
898775, 8:04:00, 8:04:00,7513,1,,0,0,
898776, 7:34:00, 7:34:00,7513,1,,0,0,
898777, 7:04:00, 7:04:00,7513,1,,0,0,
898778, 6:34:00, 6:34:00,7513,1,,0,0,
898779, 5:54:00, 5:54:00,7513,1,,0,0,
898989, 9:44:00, 9:44:00,7513,35,,0,0,8.217
898991, 8:44:00, 8:44:00,7513,35,,0,0,8.217
898993, 8:04:00, 8:04:00,7513,45,,0,0,10.9686
898994, 7:04:00, 7:04:00,7513,35,,0,0,8.217
898995, 6:44:00, 6:44:00,7513,35,,0,0,8.217
898998,12:54:00,12:54:00,7513,44,,0,0,12.5347
898999,11:54:00,11:54:00,7513,45,,0,0,10.9686
899000,10:54:00,10:54:00,7513,45,,0,0,10.9686
899001,10:24:00,10:24:00,7513,44,,0,0,12.5347
899002, 9:24:00, 9:24:00,7513,44,,0,0,12.5347
899003, 9:04:00, 9:04:00,7513,45,,0,0,10.9686
899004, 8:24:00, 8:24:00,7513,44,,0,0,12.5347
899005, 7:44:00, 7:44:00,7513,35,,0,0,8.217
899006, 7:24:00, 7:24:00,7513,44,,0,0,12.5347
899010,13:24:00,13:24:00,7513,35,,0,0,8.217
899011,12:24:00,12:24:00,7513,35,,0,0,8.217
899012,11:24:00,11:24:00,7513,35,,0,0,8.217
899013, 6:24:00, 6:24:00,7513,45,,0,0,10.9686
899014, 5:54:00, 5:54:00,7513,35,,0,0,8.217
908782,10:04:00,10:04:00,7513,45,,0,0,10.9686
908782,10:04:52,10:04:52,6816,46,,0,0,11.1612
898969,23:54:00,23:54:00,7513,35,,0,0,8.217
898969,23:54:52,23:54:52,6816,36,,0,0,8.4096
898970,22:54:00,22:54:00,7513,35,,0,0,8.217
898970,22:54:52,22:54:52,6816,36,,0,0,8.4096
898971,20:59:00,20:59:00,7513,35,,0,0,8.217
898971,20:59:52,20:59:52,6816,36,,0,0,8.4096
898972,19:59:00,19:59:00,7513,45,,0,0,10.9686
898972,19:59:52,19:59:52,6816,46,,0,0,11.1612
898973,21:59:00,21:59:00,7513,45,,0,0,10.9686
898973,21:59:52,21:59:52,6816,46,,0,0,11.1612
898974,20:34:00,20:34:00,7513,44,,0,0,12.5347
898974,20:34:52,20:34:52,6816,45,,0,0,12.7273
898975,19:34:00,19:34:00,7513,44,,0,0,12.5347
898975,19:34:52,19:34:52,6816,45,,0,0,12.7273
898976,19:14:00,19:14:00,7513,35,,0,0,8.217
898977,18:54:00,18:54:00,7513,45,,0,0,10.9686
898977,18:54:52,18:54:52,6816,46,,0,0,11.1612
898978,18:24:00,18:24:00,7513,35,,0,0,8.217
898978,18:24:52,18:24:52,6816,36,,0,0,8.4096
898979,18:04:00,18:04:00,7513,45,,0,0,10.9686
898980,17:24:00,17:24:00,7513,35,,0,0,8.217
898981,17:04:00,17:04:00,7513,45,,0,0,10.9686
898982,15:44:00,15:44:00,7513,50,,0,0,14.3044
898983,18:44:00,18:44:00,7513,50,,0,0,14.3044
898985,17:44:00,17:44:00,7513,50,,0,0,14.3044
898987,16:44:00,16:44:00,7513,50,,0,0,14.3044
898988,16:04:00,16:04:00,7513,45,,0,0,10.9686
898996,14:54:00,14:54:00,7513,45,,0,0,10.9686
898997,13:54:00,13:54:00,7513,45,,0,0,10.9686
899007,15:24:00,15:24:00,7513,35,,0,0,8.217
899008,16:24:00,16:24:00,7513,35,,0,0,8.217
899009,14:24:00,14:24:00,7513,35,,0,0,8.217
899044, 7:34:00, 7:34:00,7513,22,,0,0,5.5339
899044, 7:34:51, 7:34:51,6816,23,,0,0,5.7265
899054,19:09:00,19:09:00,7513,22,,0,0,5.5339
899054,19:09:51,19:09:51,6816,23,,0,0,5.7265
899055,18:24:00,18:24:00,7513,22,,0,0,5.5339
899055,18:24:51,18:24:51,6816,23,,0,0,5.7265
899056,16:54:00,16:54:00,7513,22,,0,0,5.5339
899056,16:54:51,16:54:51,6816,23,,0,0,5.7265
899057,12:14:00,12:14:00,7513,45,,0,0,15.0561
899057,12:14:51,12:14:51,6816,46,,0,0,15.2487
899058, 8:54:00, 8:54:00,7513,22,,0,0,5.5339
899058, 8:54:51, 8:54:51,6816,23,,0,0,5.7265
899059,16:14:00,16:14:00,7513,45,,0,0,15.0561
899059,16:14:51,16:14:51,6816,46,,0,0,15.2487
899060,14:54:00,14:54:00,7513,45,,0,0,15.0561
899060,14:54:51,14:54:51,6816,46,,0,0,15.2487
899061,20:19:00,20:19:00,7513,42,,0,0,13.8145
899061,20:19:51,20:19:51,6816,43,,0,0,14.0071
899062,13:34:00,13:34:00,7513,42,,0,0,13.8145
899062,13:34:51,13:34:51,6816,43,,0,0,14.0071
899063,10:54:00,10:54:00,7513,45,,0,0,15.0561
899063,10:54:51,10:54:51,6816,46,,0,0,15.2487
899064, 9:34:00, 9:34:00,7513,42,,0,0,13.8145
899064, 9:34:51, 9:34:51,6816,43,,0,0,14.0071
899065, 8:14:00, 8:14:00,7513,42,,0,0,13.8145
899065, 8:14:51, 8:14:51,6816,43,,0,0,14.0071
899066, 6:49:00, 6:49:00,7513,42,,0,0,13.8145
899066, 6:49:51, 6:49:51,6816,43,,0,0,14.0071
899067,18:54:00,18:54:00,7513,42,,0,0,13.8145
899067,18:54:51,18:54:51,6816,43,,0,0,14.0071
899068,17:34:00,17:34:00,7513,42,,0,0,13.8145
899068,17:34:51,17:34:51,6816,43,,0,0,14.0071
899156,11:14:42,11:14:42,6816,30,,0,0,6.9241
899157,10:14:42,10:14:42,6816,30,,0,0,6.9241
899158, 9:44:42, 9:44:42,6816,30,,0,0,6.9241
899159, 9:14:42, 9:14:42,6816,23,,0,0,4.6272
899160, 8:44:42, 8:44:42,6816,30,,0,0,6.9241
899161, 8:14:42, 8:14:42,6816,30,,0,0,6.9241
899162, 7:44:42, 7:44:42,6816,30,,0,0,6.9241
899164, 7:04:42, 7:04:42,6816,23,,0,0,4.6272
899165, 6:44:42, 6:44:42,6816,23,,0,0,4.6272
899143,19:44:42,19:44:42,6816,30,,0,0,6.9241
899144,18:59:42,18:59:42,6816,23,,0,0,4.6272
899145,18:44:42,18:44:42,6816,30,,0,0,6.9241
899146,18:14:42,18:14:42,6816,30,,0,0,6.9241
899147,17:44:42,17:44:42,6816,30,,0,0,6.9241
899148,17:14:42,17:14:42,6816,30,,0,0,6.9241
899149,16:44:42,16:44:42,6816,30,,0,0,6.9241
899150,16:14:42,16:14:42,6816,30,,0,0,6.9241
899151,15:44:42,15:44:42,6816,23,,0,0,4.6272
899152,15:14:42,15:14:42,6816,30,,0,0,6.9241
899153,14:14:42,14:14:42,6816,30,,0,0,6.9241
899154,13:14:42,13:14:42,6816,30,,0,0,6.9241
899155,12:14:42,12:14:42,6816,30,,0,0,6.9241
899495, 8:31:42, 8:31:42,6816,53,,0,0,14.5854
899480,20:16:42,20:16:42,6816,53,,0,0,14.5854
899485,17:22:42,17:22:42,6816,56,,0,0,16.6246
899506,18:16:42,18:16:42,6816,56,,0,0,16.6246
899572,16:04:42,16:04:42,6816,39,,0,0,9.2757
899573,15:04:42,15:04:42,6816,39,,0,0,9.2757
899579, 9:24:42, 9:24:42,6816,39,,0,0,9.2757
899580, 8:49:42, 8:49:42,6816,39,,0,0,9.2757
899581, 8:19:42, 8:19:42,6816,39,,0,0,9.2757
899582, 7:54:42, 7:54:42,6816,39,,0,0,9.2757
899583, 7:24:42, 7:24:42,6816,39,,0,0,9.2757
899584, 6:54:42, 6:54:42,6816,39,,0,0,9.2757
899585, 6:24:42, 6:24:42,6816,21,,0,0,4.378
899586, 5:59:42, 5:59:42,6816,21,,0,0,4.378
899565,20:04:42,20:04:42,6816,39,,0,0,9.2757
899566,19:24:42,19:24:42,6816,39,,0,0,9.2757
899567,18:54:42,18:54:42,6816,39,,0,0,9.2757
899568,18:24:42,18:24:42,6816,39,,0,0,9.2757
899569,17:54:42,17:54:42,6816,39,,0,0,9.2757
899570,17:24:42,17:24:42,6816,39,,0,0,9.2757
899571,16:54:42,16:54:42,6816,39,,0,0,9.2757
899696, 8:34:43, 8:34:43,6816,2,,0,0,0.1514
899697, 6:09:43, 6:09:43,6816,2,,0,0,0.1514
899700,10:59:43,10:59:43,6816,2,,0,0,0.1514
899701,10:29:43,10:29:43,6816,2,,0,0,0.1514
899702, 9:54:43, 9:54:43,6816,2,,0,0,0.1514
899703, 9:24:43, 9:24:43,6816,2,,0,0,0.1514
899704, 8:59:43, 8:59:43,6816,2,,0,0,0.1514
899705, 8:09:43, 8:09:43,6816,2,,0,0,0.1514
899706, 7:49:43, 7:49:43,6816,2,,0,0,0.1514
899707, 7:19:43, 7:19:43,6816,2,,0,0,0.1514
899711, 6:19:43, 6:19:43,6816,2,,0,0,0.1514
899712, 5:09:43, 5:09:43,6816,2,,0,0,0.1514
899723,15:29:43,15:29:43,6816,2,,0,0,0.1514
899724,14:49:43,14:49:43,6816,2,,0,0,0.1514
899725,14:19:43,14:19:43,6816,2,,0,0,0.1514
899726,13:49:43,13:49:43,6816,2,,0,0,0.1514
899727,13:09:43,13:09:43,6816,2,,0,0,0.1514
899728,12:39:43,12:39:43,6816,2,,0,0,0.1514
899729,12:09:43,12:09:43,6816,2,,0,0,0.1514
899730,11:29:43,11:29:43,6816,2,,0,0,0.1514
899731, 6:49:43, 6:49:43,6816,2,,0,0,0.1514
899732, 5:44:43, 5:44:43,6816,2,,0,0,0.1514
899698,24:26:43,24:26:43,6816,2,,0,0,0.1514
899699,18:54:43,18:54:43,6816,2,,0,0,0.1514
899708,22:44:43,22:44:43,6816,2,,0,0,0.1514
899709,23:44:43,23:44:43,6816,2,,0,0,0.1514
899710,21:39:43,21:39:43,6816,2,,0,0,0.1514
899713,18:39:43,18:39:43,6816,2,,0,0,0.1514
899714,20:39:43,20:39:43,6816,2,,0,0,0.1514
899715,19:54:43,19:54:43,6816,2,,0,0,0.1514
899716,19:24:43,19:24:43,6816,2,,0,0,0.1514
899717,18:09:43,18:09:43,6816,2,,0,0,0.1514
899718,17:49:43,17:49:43,6816,2,,0,0,0.1514
899719,17:19:43,17:19:43,6816,2,,0,0,0.1514
899720,16:49:43,16:49:43,6816,2,,0,0,0.1514
899721,16:29:43,16:29:43,6816,2,,0,0,0.1514
899722,15:59:43,15:59:43,6816,2,,0,0,0.1514
899749, 5:07:00, 5:07:00,7513,7,,0,0,2.6422
899768, 5:37:00, 5:37:00,7513,7,,0,0,2.6422
899884, 8:20:00, 8:20:00,7513,1,,0,0,
899884, 8:21:15, 8:21:15,6816,2,,0,0,0.1926
899885, 7:25:00, 7:25:00,7513,1,,0,0,
899885, 7:26:15, 7:26:15,6816,2,,0,0,0.1926
899887,15:10:00,15:10:00,7513,1,,0,0,
899887,15:11:15,15:11:15,6816,2,,0,0,0.1926
899890,14:40:00,14:40:00,7513,1,,0,0,
899890,14:41:15,14:41:15,6816,2,,0,0,0.1926
899891, 9:00:00, 9:00:00,7513,1,,0,0,
899891, 9:01:15, 9:01:15,6816,2,,0,0,0.1926
899892, 9:45:00, 9:45:00,7513,1,,0,0,
899892, 9:46:15, 9:46:15,6816,2,,0,0,0.1926
899893,17:05:00,17:05:00,7513,1,,0,0,
899893,17:06:15,17:06:15,6816,2,,0,0,0.1926
899894,16:25:00,16:25:00,7513,1,,0,0,
899894,16:26:15,16:26:15,6816,2,,0,0,0.1926
899897,16:05:00,16:05:00,7513,1,,0,0,
899897,16:06:15,16:06:15,6816,2,,0,0,0.1926
899898,15:35:00,15:35:00,7513,1,,0,0,
899898,15:36:15,15:36:15,6816,2,,0,0,0.1926
899899,14:00:00,14:00:00,7513,1,,0,0,
899899,14:01:15,14:01:15,6816,2,,0,0,0.1926
899900,12:45:00,12:45:00,7513,1,,0,0,
899900,12:46:15,12:46:15,6816,2,,0,0,0.1926
899901,11:15:00,11:15:00,7513,1,,0,0,
899901,11:16:15,11:16:15,6816,2,,0,0,0.1926
899902, 7:55:00, 7:55:00,7513,1,,0,0,
899902, 7:56:15, 7:56:15,6816,2,,0,0,0.1926
899903, 6:55:00, 6:55:00,7513,1,,0,0,
899903, 6:56:15, 6:56:15,6816,2,,0,0,0.1926
899904, 6:35:00, 6:35:00,7513,1,,0,0,
899904, 6:36:15, 6:36:15,6816,2,,0,0,0.1926
899905, 6:00:00, 6:00:00,7513,1,,0,0,
899905, 6:01:15, 6:01:15,6816,2,,0,0,0.1926
899906, 5:30:00, 5:30:00,7513,1,,0,0,
899906, 5:31:15, 5:31:15,6816,2,,0,0,0.1926
899886,19:00:00,19:00:00,7513,1,,0,0,
899886,19:01:15,19:01:15,6816,2,,0,0,0.1926
899888,21:05:00,21:05:00,7513,1,,0,0,
899888,21:06:15,21:06:15,6816,2,,0,0,0.1926
899889,20:00:00,20:00:00,7513,1,,0,0,
899889,20:01:15,20:01:15,6816,2,,0,0,0.1926
899895,18:00:00,18:00:00,7513,1,,0,0,
899895,18:01:15,18:01:15,6816,2,,0,0,0.1926
899896,17:35:00,17:35:00,7513,1,,0,0,
899896,17:36:15,17:36:15,6816,2,,0,0,0.1926
899907,17:43:00,17:43:00,7513,18,,0,0,25.9645
899908,16:48:00,16:48:00,7513,18,,0,0,25.9645
899909,22:09:00,22:09:00,7513,12,,0,0,25.9828
899910,20:59:00,20:59:00,7513,12,,0,0,25.9828
899911,20:39:00,20:39:00,7513,12,,0,0,25.9828
899912,10:22:00,10:22:00,7513,12,,0,0,25.9828
899913, 8:47:00, 8:47:00,7513,13,,0,0,27.0738
899914, 8:12:00, 8:12:00,7513,13,,0,0,27.0738
899915,19:39:00,19:39:00,7513,12,,0,0,25.9828
899916,19:04:00,19:04:00,7513,12,,0,0,25.9828
899917,18:39:00,18:39:00,7513,12,,0,0,25.9828
899918,18:14:00,18:14:00,7513,12,,0,0,25.9828
899919,17:09:00,17:09:00,7513,12,,0,0,25.9828
899920,16:19:00,16:19:00,7513,12,,0,0,25.9828
899921,15:34:00,15:34:00,7513,12,,0,0,25.9828
899922,14:02:00,14:02:00,7513,12,,0,0,25.9828
899923,12:32:00,12:32:00,7513,12,,0,0,25.9828
899924,11:02:00,11:02:00,7513,12,,0,0,25.9828
899925, 9:37:00, 9:37:00,7513,12,,0,0,25.9828
899926, 9:07:00, 9:07:00,7513,12,,0,0,25.9828
899927, 7:47:00, 7:47:00,7513,12,,0,0,25.9828
899928, 7:09:00, 7:09:00,7513,12,,0,0,25.9828
899929, 6:39:00, 6:39:00,7513,12,,0,0,25.9828
908802,18:36:42,18:36:42,6816,2,,0,0,0.1514
908803,19:31:42,19:31:42,6816,2,,0,0,0.1514
908804,23:36:42,23:36:42,6816,2,,0,0,0.1514
898292,13:14:00,13:14:00,7513,17,,0,0,3.4341
898292,13:14:53,13:14:53,6816,18,,0,0,3.6267
898293,12:34:00,12:34:00,7513,17,,0,0,3.4341
898293,12:34:53,12:34:53,6816,18,,0,0,3.6267
898294,11:54:00,11:54:00,7513,17,,0,0,3.4341
898294,11:54:53,11:54:53,6816,18,,0,0,3.6267
898295,11:14:00,11:14:00,7513,17,,0,0,3.4341
898295,11:14:53,11:14:53,6816,18,,0,0,3.6267
898296,10:34:00,10:34:00,7513,17,,0,0,3.4341
898296,10:34:53,10:34:53,6816,18,,0,0,3.6267
898297, 9:54:00, 9:54:00,7513,17,,0,0,3.4341
898297, 9:54:53, 9:54:53,6816,18,,0,0,3.6267
898298, 9:14:00, 9:14:00,7513,17,,0,0,3.4341
898298, 9:14:53, 9:14:53,6816,18,,0,0,3.6267
898299, 8:34:00, 8:34:00,7513,17,,0,0,3.4341
898299, 8:34:53, 8:34:53,6816,18,,0,0,3.6267
898300, 7:54:00, 7:54:00,7513,17,,0,0,3.4341
898300, 7:54:53, 7:54:53,6816,18,,0,0,3.6267
898301, 7:14:00, 7:14:00,7513,17,,0,0,3.4341
898301, 7:14:53, 7:14:53,6816,18,,0,0,3.6267
898280,22:34:00,22:34:00,7513,17,,0,0,3.4341
898281,21:34:00,21:34:00,7513,17,,0,0,3.4341
898282,20:34:00,20:34:00,7513,17,,0,0,3.4341
898283,19:34:00,19:34:00,7513,17,,0,0,3.4341
898284,18:34:00,18:34:00,7513,17,,0,0,3.4341
898284,18:34:53,18:34:53,6816,18,,0,0,3.6267
898285,17:54:00,17:54:00,7513,17,,0,0,3.4341
898285,17:54:53,17:54:53,6816,18,,0,0,3.6267
898286,17:14:00,17:14:00,7513,17,,0,0,3.4341
898286,17:14:53,17:14:53,6816,18,,0,0,3.6267
898287,16:34:00,16:34:00,7513,17,,0,0,3.4341
898287,16:34:53,16:34:53,6816,18,,0,0,3.6267
898288,15:54:00,15:54:00,7513,17,,0,0,3.4341
898288,15:54:53,15:54:53,6816,18,,0,0,3.6267
898289,15:14:00,15:14:00,7513,17,,0,0,3.4341
898289,15:14:53,15:14:53,6816,18,,0,0,3.6267
898290,14:34:00,14:34:00,7513,17,,0,0,3.4341
898290,14:34:53,14:34:53,6816,18,,0,0,3.6267
898291,13:54:00,13:54:00,7513,17,,0,0,3.4341
898291,13:54:53,13:54:53,6816,18,,0,0,3.6267
898417,18:09:00,18:09:00,7513,1,,0,0,
898417,18:09:53,18:09:53,6816,2,,0,0,0.1926
898418,17:29:00,17:29:00,7513,1,,0,0,
898418,17:29:53,17:29:53,6816,2,,0,0,0.1926
898419,16:49:00,16:49:00,7513,1,,0,0,
898419,16:49:53,16:49:53,6816,2,,0,0,0.1926
898420,16:09:00,16:09:00,7513,1,,0,0,
898420,16:09:53,16:09:53,6816,2,,0,0,0.1926
898421,15:29:00,15:29:00,7513,1,,0,0,
898421,15:29:53,15:29:53,6816,2,,0,0,0.1926
898422,14:49:00,14:49:00,7513,1,,0,0,
898422,14:49:53,14:49:53,6816,2,,0,0,0.1926
898423,14:09:00,14:09:00,7513,1,,0,0,
898423,14:09:53,14:09:53,6816,2,,0,0,0.1926
898424,13:29:00,13:29:00,7513,1,,0,0,
898424,13:29:53,13:29:53,6816,2,,0,0,0.1926
898425,12:49:00,12:49:00,7513,1,,0,0,
898425,12:49:53,12:49:53,6816,2,,0,0,0.1926
898426,12:09:00,12:09:00,7513,1,,0,0,
898426,12:09:53,12:09:53,6816,2,,0,0,0.1926
898427,11:29:00,11:29:00,7513,1,,0,0,
898427,11:29:53,11:29:53,6816,2,,0,0,0.1926
898428,10:49:00,10:49:00,7513,1,,0,0,
898428,10:49:53,10:49:53,6816,2,,0,0,0.1926
898429,10:09:00,10:09:00,7513,1,,0,0,
898429,10:09:53,10:09:53,6816,2,,0,0,0.1926
898430, 9:29:00, 9:29:00,7513,1,,0,0,
898430, 9:29:53, 9:29:53,6816,2,,0,0,0.1926
898431, 8:49:00, 8:49:00,7513,1,,0,0,
898431, 8:49:53, 8:49:53,6816,2,,0,0,0.1926
898432, 8:09:00, 8:09:00,7513,1,,0,0,
898432, 8:09:53, 8:09:53,6816,2,,0,0,0.1926
898433, 7:29:00, 7:29:00,7513,1,,0,0,
898433, 7:29:53, 7:29:53,6816,2,,0,0,0.1926
898434, 6:49:00, 6:49:00,7513,1,,0,0,
898434, 6:49:53, 6:49:53,6816,2,,0,0,0.1926
898412,19:34:00,19:34:00,7513,1,,0,0,
898412,19:34:53,19:34:53,6816,2,,0,0,0.1926
898413,22:34:00,22:34:00,7513,1,,0,0,
898413,22:34:53,22:34:53,6816,2,,0,0,0.1926
898414,21:34:00,21:34:00,7513,1,,0,0,
898414,21:34:53,21:34:53,6816,2,,0,0,0.1926
898415,20:34:00,20:34:00,7513,1,,0,0,
898415,20:34:53,20:34:53,6816,2,,0,0,0.1926
898416,18:59:00,18:59:00,7513,1,,0,0,
898416,18:59:53,18:59:53,6816,2,,0,0,0.1926
898584, 8:34:00, 8:34:00,7513,1,,0,0,
898584, 8:34:53, 8:34:53,6816,2,,0,0,0.1926
898585, 7:34:00, 7:34:00,7513,1,,0,0,
898585, 7:34:53, 7:34:53,6816,2,,0,0,0.1926
898574,18:34:00,18:34:00,7513,1,,0,0,
898574,18:34:53,18:34:53,6816,2,,0,0,0.1926
898575,17:34:00,17:34:00,7513,1,,0,0,
898575,17:34:53,17:34:53,6816,2,,0,0,0.1926
898576,16:34:00,16:34:00,7513,1,,0,0,
898576,16:34:53,16:34:53,6816,2,,0,0,0.1926
898577,15:34:00,15:34:00,7513,1,,0,0,
898577,15:34:53,15:34:53,6816,2,,0,0,0.1926
898578,14:34:00,14:34:00,7513,1,,0,0,
898578,14:34:53,14:34:53,6816,2,,0,0,0.1926
898579,13:34:00,13:34:00,7513,1,,0,0,
898579,13:34:53,13:34:53,6816,2,,0,0,0.1926
898580,12:34:00,12:34:00,7513,1,,0,0,
898580,12:34:53,12:34:53,6816,2,,0,0,0.1926
898581,11:34:00,11:34:00,7513,1,,0,0,
898581,11:34:53,11:34:53,6816,2,,0,0,0.1926
898582,10:34:00,10:34:00,7513,1,,0,0,
898582,10:34:53,10:34:53,6816,2,,0,0,0.1926
898583, 9:34:00, 9:34:00,7513,1,,0,0,
898583, 9:34:53, 9:34:53,6816,2,,0,0,0.1926
898712,10:34:00,10:34:00,7513,1,,0,0,
898716,11:34:00,11:34:00,7513,1,,0,0,
898717, 9:34:00, 9:34:00,7513,1,,0,0,
898718, 7:24:00, 7:24:00,7513,1,,0,0,
898709,18:39:00,18:39:00,7513,1,,0,0,
898710,14:34:00,14:34:00,7513,1,,0,0,
898711,12:34:00,12:34:00,7513,1,,0,0,
898713,17:34:00,17:34:00,7513,1,,0,0,
898714,15:34:00,15:34:00,7513,1,,0,0,
898715,13:34:00,13:34:00,7513,1,,0,0,
898878,12:21:00,12:21:00,7513,35,,0,0,8.217
898879,11:51:00,11:51:00,7513,35,,0,0,8.217
898880,10:51:00,10:51:00,7513,35,,0,0,8.217
898881,10:21:00,10:21:00,7513,35,,0,0,8.217
898885,12:51:00,12:51:00,7513,44,,0,0,12.5347
898886, 9:21:00, 9:21:00,7513,44,,0,0,12.5347
898887, 8:21:00, 8:21:00,7513,44,,0,0,12.5347
898892,13:21:00,13:21:00,7513,45,,0,0,10.9686
898893,11:21:00,11:21:00,7513,45,,0,0,10.9686
898894, 9:51:00, 9:51:00,7513,45,,0,0,10.9686
898895, 8:51:00, 8:51:00,7513,45,,0,0,10.9686
898896, 7:21:00, 7:21:00,7513,45,,0,0,10.9686
898870,21:54:00,21:54:00,7513,35,,0,0,8.217
898871,20:54:00,20:54:00,7513,35,,0,0,8.217
898872,19:54:00,19:54:00,7513,35,,0,0,8.217
898873,19:29:00,19:29:00,7513,35,,0,0,8.217
898874,16:51:00,16:51:00,7513,35,,0,0,8.217
898875,15:21:00,15:21:00,7513,35,,0,0,8.217
898876,14:21:00,14:21:00,7513,35,,0,0,8.217
898877,13:51:00,13:51:00,7513,35,,0,0,8.217
898882,18:21:00,18:21:00,7513,44,,0,0,12.5347
898883,17:21:00,17:21:00,7513,44,,0,0,12.5347
898884,15:51:00,15:51:00,7513,44,,0,0,12.5347
898888,18:54:00,18:54:00,7513,45,,0,0,10.9686
898889,17:51:00,17:51:00,7513,45,,0,0,10.9686
898890,16:21:00,16:21:00,7513,45,,0,0,10.9686
898891,14:51:00,14:51:00,7513,45,,0,0,10.9686
899017,17:34:00,17:34:00,7513,45,,0,0,15.0561
899017,17:34:51,17:34:51,6816,46,,0,0,15.2487
899018, 9:24:00, 9:24:00,7513,42,,0,0,13.8145
899018, 9:24:51, 9:24:51,6816,43,,0,0,14.0071
899093,11:34:00,11:34:00,7513,22,,0,0,4.6976
899094,10:34:00,10:34:00,7513,22,,0,0,4.6976
899095, 9:34:00, 9:34:00,7513,22,,0,0,4.6976
899096, 8:34:00, 8:34:00,7513,22,,0,0,4.6976
899097, 7:34:00, 7:34:00,7513,22,,0,0,4.6976
899098,18:34:00,18:34:00,7513,22,,0,0,4.6976
899099,17:34:00,17:34:00,7513,22,,0,0,4.6976
899100,16:34:00,16:34:00,7513,22,,0,0,4.6976
899101,15:34:00,15:34:00,7513,22,,0,0,4.6976
899102,14:34:00,14:34:00,7513,22,,0,0,4.6976
899103,13:34:00,13:34:00,7513,22,,0,0,4.6976
899104,12:34:00,12:34:00,7513,22,,0,0,4.6976
899197, 9:29:00, 9:29:00,7513,27,,0,0,6.2706
899198,19:29:42,19:29:42,6816,28,,0,0,6.2002
899199,18:49:00,18:49:00,7513,27,,0,0,6.2706
899200,18:09:00,18:09:00,7513,27,,0,0,6.2706
899201,17:29:00,17:29:00,7513,27,,0,0,6.2706
899202,16:49:00,16:49:00,7513,27,,0,0,6.2706
899203,16:09:00,16:09:00,7513,27,,0,0,6.2706
899204,15:29:00,15:29:00,7513,27,,0,0,6.2706
899205,14:49:00,14:49:00,7513,27,,0,0,6.2706
899206,14:09:00,14:09:00,7513,27,,0,0,6.2706
899207,13:29:00,13:29:00,7513,27,,0,0,6.2706
899208,12:49:00,12:49:00,7513,27,,0,0,6.2706
899209,12:09:00,12:09:00,7513,27,,0,0,6.2706
899210,11:29:00,11:29:00,7513,27,,0,0,6.2706
899211,10:49:00,10:49:00,7513,27,,0,0,6.2706
899212,10:09:00,10:09:00,7513,27,,0,0,6.2706
899213, 8:49:00, 8:49:00,7513,27,,0,0,6.2706
899214, 8:09:00, 8:09:00,7513,27,,0,0,6.2706
899215, 7:29:00, 7:29:00,7513,27,,0,0,6.2706
899388, 9:11:42, 9:11:42,6816,53,,0,0,14.5854
899390, 8:11:42, 8:11:42,6816,53,,0,0,14.5854
899392, 7:11:42, 7:11:42,6816,53,,0,0,14.5854
899362,22:26:42,22:26:42,6816,53,,0,0,14.5854
899364,21:26:42,21:26:42,6816,53,,0,0,14.5854
899366,20:26:42,20:26:42,6816,53,,0,0,14.5854
899368,19:26:42,19:26:42,6816,53,,0,0,14.5854
899370,18:26:42,18:26:42,6816,53,,0,0,14.5854
899372,17:26:42,17:26:42,6816,53,,0,0,14.5854
899374,16:26:42,16:26:42,6816,53,,0,0,14.5854
899376,15:26:42,15:26:42,6816,53,,0,0,14.5854
899378,14:26:42,14:26:42,6816,53,,0,0,14.5854
899380,13:26:42,13:26:42,6816,53,,0,0,14.5854
899382,12:26:42,12:26:42,6816,53,,0,0,14.5854
899384,11:26:42,11:26:42,6816,53,,0,0,14.5854
899386,10:11:42,10:11:42,6816,53,,0,0,14.5854
899533,16:29:42,16:29:42,6816,39,,0,0,9.2757
899541, 8:24:42, 8:24:42,6816,39,,0,0,9.2757
899543,19:39:42,19:39:42,6816,39,,0,0,9.2757
899614, 7:54:43, 7:54:43,6816,2,,0,0,0.1514
899617, 6:34:43, 6:34:43,6816,2,,0,0,0.1514
899623,15:51:43,15:51:43,6816,2,,0,0,0.1514
899624,15:21:43,15:21:43,6816,2,,0,0,0.1514
899625,14:51:43,14:51:43,6816,2,,0,0,0.1514
899626,14:21:43,14:21:43,6816,2,,0,0,0.1514
899627,13:51:43,13:51:43,6816,2,,0,0,0.1514
899628,13:21:43,13:21:43,6816,2,,0,0,0.1514
899629,12:51:43,12:51:43,6816,2,,0,0,0.1514
899630,12:21:43,12:21:43,6816,2,,0,0,0.1514
899631,11:51:43,11:51:43,6816,2,,0,0,0.1514
899632,11:21:43,11:21:43,6816,2,,0,0,0.1514
899633,10:51:43,10:51:43,6816,2,,0,0,0.1514
899634,10:21:43,10:21:43,6816,2,,0,0,0.1514
899635, 9:51:43, 9:51:43,6816,2,,0,0,0.1514
899636, 9:21:43, 9:21:43,6816,2,,0,0,0.1514
899637, 8:51:43, 8:51:43,6816,2,,0,0,0.1514
899638, 8:21:43, 8:21:43,6816,2,,0,0,0.1514
899639, 7:21:43, 7:21:43,6816,2,,0,0,0.1514
899642, 7:04:43, 7:04:43,6816,2,,0,0,0.1514
899613,19:29:43,19:29:43,6816,2,,0,0,0.1514
899615,20:54:43,20:54:43,6816,2,,0,0,0.1514
899616,19:54:43,19:54:43,6816,2,,0,0,0.1514
899618,18:21:43,18:21:43,6816,2,,0,0,0.1514
899619,17:51:43,17:51:43,6816,2,,0,0,0.1514
899620,17:21:43,17:21:43,6816,2,,0,0,0.1514
899621,16:51:43,16:51:43,6816,2,,0,0,0.1514
899622,16:21:43,16:21:43,6816,2,,0,0,0.1514
899640,18:54:43,18:54:43,6816,2,,0,0,0.1514
899641,21:54:43,21:54:43,6816,2,,0,0,0.1514
899838, 6:30:00, 6:30:00,7513,1,,0,0,
899838, 6:31:15, 6:31:15,6816,2,,0,0,0.1926
899839,11:00:00,11:00:00,7513,1,,0,0,
899839,11:01:15,11:01:15,6816,2,,0,0,0.1926
899840,10:00:00,10:00:00,7513,1,,0,0,
899840,10:01:15,10:01:15,6816,2,,0,0,0.1926
899841, 9:00:00, 9:00:00,7513,1,,0,0,
899841, 9:01:15, 9:01:15,6816,2,,0,0,0.1926
899842, 8:00:00, 8:00:00,7513,1,,0,0,
899842, 8:01:15, 8:01:15,6816,2,,0,0,0.1926
899843,21:05:00,21:05:00,7513,1,,0,0,
899843,21:06:15,21:06:15,6816,2,,0,0,0.1926
899844,20:00:00,20:00:00,7513,1,,0,0,
899844,20:01:15,20:01:15,6816,2,,0,0,0.1926
899845,19:00:00,19:00:00,7513,1,,0,0,
899845,19:01:15,19:01:15,6816,2,,0,0,0.1926
899846,18:00:00,18:00:00,7513,1,,0,0,
899846,18:01:15,18:01:15,6816,2,,0,0,0.1926
899847,17:00:00,17:00:00,7513,1,,0,0,
899847,17:01:15,17:01:15,6816,2,,0,0,0.1926
899848,16:00:00,16:00:00,7513,1,,0,0,
899848,16:01:15,16:01:15,6816,2,,0,0,0.1926
899849,15:00:00,15:00:00,7513,1,,0,0,
899849,15:01:15,15:01:15,6816,2,,0,0,0.1926
899850,14:00:00,14:00:00,7513,1,,0,0,
899850,14:01:15,14:01:15,6816,2,,0,0,0.1926
899851,13:00:00,13:00:00,7513,1,,0,0,
899851,13:01:15,13:01:15,6816,2,,0,0,0.1926
899852,12:00:00,12:00:00,7513,1,,0,0,
899852,12:01:15,12:01:15,6816,2,,0,0,0.1926
899853, 7:42:00, 7:42:00,7513,12,,0,0,25.9828
899854,12:42:00,12:42:00,7513,12,,0,0,25.9828
899855,11:42:00,11:42:00,7513,12,,0,0,25.9828
899856,10:42:00,10:42:00,7513,12,,0,0,25.9828
899857, 9:42:00, 9:42:00,7513,12,,0,0,25.9828
899865,15:42:00,15:42:00,7513,12,,0,0,25.9828
899866,14:42:00,14:42:00,7513,12,,0,0,25.9828
899867,13:42:00,13:42:00,7513,12,,0,0,25.9828
899858,22:04:00,22:04:00,7513,12,,0,0,25.9828
899859,20:59:00,20:59:00,7513,12,,0,0,25.9828
899860,20:39:00,20:39:00,7513,12,,0,0,25.9828
899861,19:39:00,19:39:00,7513,12,,0,0,25.9828
899862,18:42:00,18:42:00,7513,12,,0,0,25.9828
899863,17:42:00,17:42:00,7513,12,,0,0,25.9828
899864,16:42:00,16:42:00,7513,12,,0,0,25.9828
908811,21:56:42,21:56:42,6816,2,,0,0,0.1514
898318,16:33:00,16:33:00,7513,17,,0,0,3.4341
898319,15:33:00,15:33:00,7513,17,,0,0,3.4341
898320,14:33:00,14:33:00,7513,17,,0,0,3.4341
898321,13:33:00,13:33:00,7513,17,,0,0,3.4341
898322,12:33:00,12:33:00,7513,17,,0,0,3.4341
898323,11:33:00,11:33:00,7513,17,,0,0,3.4341
898324,10:33:00,10:33:00,7513,17,,0,0,3.4341
898325, 9:33:00, 9:33:00,7513,17,,0,0,3.4341
898326, 8:33:00, 8:33:00,7513,17,,0,0,3.4341
898327, 7:33:00, 7:33:00,7513,17,,0,0,3.4341
898315,19:33:00,19:33:00,7513,17,,0,0,3.4341
898316,18:33:00,18:33:00,7513,17,,0,0,3.4341
898317,17:33:00,17:33:00,7513,17,,0,0,3.4341
898458, 7:33:00, 7:33:00,7513,1,,0,0,
898458, 7:33:53, 7:33:53,6816,2,,0,0,0.1926
898459,19:33:00,19:33:00,7513,1,,0,0,
898459,19:33:53,19:33:53,6816,2,,0,0,0.1926
898460,18:33:00,18:33:00,7513,1,,0,0,
898460,18:33:53,18:33:53,6816,2,,0,0,0.1926
898461,17:33:00,17:33:00,7513,1,,0,0,
898461,17:33:53,17:33:53,6816,2,,0,0,0.1926
898462,16:33:00,16:33:00,7513,1,,0,0,
898462,16:33:53,16:33:53,6816,2,,0,0,0.1926
898463,15:33:00,15:33:00,7513,1,,0,0,
898463,15:33:53,15:33:53,6816,2,,0,0,0.1926
898464,14:33:00,14:33:00,7513,1,,0,0,
898464,14:33:53,14:33:53,6816,2,,0,0,0.1926
898465,13:33:00,13:33:00,7513,1,,0,0,
898465,13:33:53,13:33:53,6816,2,,0,0,0.1926
898466,12:33:00,12:33:00,7513,1,,0,0,
898466,12:33:53,12:33:53,6816,2,,0,0,0.1926
898467,11:33:00,11:33:00,7513,1,,0,0,
898467,11:33:53,11:33:53,6816,2,,0,0,0.1926
898468,10:33:00,10:33:00,7513,1,,0,0,
898468,10:33:53,10:33:53,6816,2,,0,0,0.1926
898469, 9:33:00, 9:33:00,7513,1,,0,0,
898469, 9:33:53, 9:33:53,6816,2,,0,0,0.1926
898470, 8:33:00, 8:33:00,7513,1,,0,0,
898470, 8:33:53, 8:33:53,6816,2,,0,0,0.1926
898600,18:38:00,18:38:00,7513,1,,0,0,
898600,18:38:53,18:38:53,6816,2,,0,0,0.1926
898601,17:38:00,17:38:00,7513,1,,0,0,
898601,17:38:53,17:38:53,6816,2,,0,0,0.1926
898602,15:38:00,15:38:00,7513,1,,0,0,
898602,15:38:53,15:38:53,6816,2,,0,0,0.1926
898603,13:38:00,13:38:00,7513,1,,0,0,
898603,13:38:53,13:38:53,6816,2,,0,0,0.1926
898604,12:38:00,12:38:00,7513,1,,0,0,
898604,12:38:53,12:38:53,6816,2,,0,0,0.1926
898605,10:38:00,10:38:00,7513,1,,0,0,
898605,10:38:53,10:38:53,6816,2,,0,0,0.1926
898606, 8:38:00, 8:38:00,7513,1,,0,0,
898606, 8:38:53, 8:38:53,6816,2,,0,0,0.1926
898731,15:11:00,15:11:00,7513,1,,0,0,
898732,13:11:00,13:11:00,7513,1,,0,0,
898733,11:11:00,11:11:00,7513,1,,0,0,
898735,17:11:00,17:11:00,7513,1,,0,0,
898736, 9:11:00, 9:11:00,7513,1,,0,0,
898910,19:53:00,19:53:00,7513,35,,0,0,8.217
898911,18:53:00,18:53:00,7513,35,,0,0,8.217
898912,17:53:00,17:53:00,7513,35,,0,0,8.217
898913,16:53:00,16:53:00,7513,35,,0,0,8.217
898914,15:53:00,15:53:00,7513,35,,0,0,8.217
898915,14:53:00,14:53:00,7513,35,,0,0,8.217
898916,13:53:00,13:53:00,7513,35,,0,0,8.217
898917,12:53:00,12:53:00,7513,35,,0,0,8.217
898918,11:53:00,11:53:00,7513,35,,0,0,8.217
898919,10:53:00,10:53:00,7513,35,,0,0,8.217
898920, 9:53:00, 9:53:00,7513,35,,0,0,8.217
898921, 8:53:00, 8:53:00,7513,35,,0,0,8.217
898922, 7:53:00, 7:53:00,7513,35,,0,0,8.217
899425,13:11:00,13:11:00,7513,52,,0,0,14.6572
899428,11:11:00,11:11:00,7513,52,,0,0,14.6572
899431, 9:11:00, 9:11:00,7513,52,,0,0,14.6572
899414,20:41:42,20:41:42,6816,53,,0,0,14.5854
899416,19:11:42,19:11:42,6816,53,,0,0,14.5854
899419,17:11:00,17:11:00,7513,52,,0,0,14.6572
899422,15:11:00,15:11:00,7513,52,,0,0,14.6572
899670,19:53:43,19:53:43,6816,2,,0,0,0.1514
899671,18:53:43,18:53:43,6816,2,,0,0,0.1514
899672,13:53:43,13:53:43,6816,2,,0,0,0.1514
899673,10:53:43,10:53:43,6816,2,,0,0,0.1514
899674,17:53:43,17:53:43,6816,2,,0,0,0.1514
899675,16:53:43,16:53:43,6816,2,,0,0,0.1514
899676,15:53:43,15:53:43,6816,2,,0,0,0.1514
899677,14:53:43,14:53:43,6816,2,,0,0,0.1514
899678,12:53:43,12:53:43,6816,2,,0,0,0.1514
899679,11:53:43,11:53:43,6816,2,,0,0,0.1514
899680, 9:53:43, 9:53:43,6816,2,,0,0,0.1514
899681, 8:53:43, 8:53:43,6816,2,,0,0,0.1514
899682, 7:53:43, 7:53:43,6816,2,,0,0,0.1514
899868,18:15:00,18:15:00,7513,1,,0,0,
899868,18:16:15,18:16:15,6816,2,,0,0,0.1926
899869,16:45:00,16:45:00,7513,1,,0,0,
899869,16:46:15,16:46:15,6816,2,,0,0,0.1926
899870,15:15:00,15:15:00,7513,1,,0,0,
899870,15:16:15,15:16:15,6816,2,,0,0,0.1926
899871,13:45:00,13:45:00,7513,1,,0,0,
899871,13:46:15,13:46:15,6816,2,,0,0,0.1926
899872,12:15:00,12:15:00,7513,1,,0,0,
899872,12:16:15,12:16:15,6816,2,,0,0,0.1926
899873,10:45:00,10:45:00,7513,1,,0,0,
899873,10:46:15,10:46:15,6816,2,,0,0,0.1926
899874, 9:15:00, 9:15:00,7513,1,,0,0,
899874, 9:16:15, 9:16:15,6816,2,,0,0,0.1926
899875, 7:45:00, 7:45:00,7513,1,,0,0,
899875, 7:46:15, 7:46:15,6816,2,,0,0,0.1926
899876,19:34:00,19:34:00,7513,12,,0,0,25.9828
899877,18:07:00,18:07:00,7513,12,,0,0,25.9828
899878,16:37:00,16:37:00,7513,12,,0,0,25.9828
899879,15:07:00,15:07:00,7513,12,,0,0,25.9828
899880,13:37:00,13:37:00,7513,12,,0,0,25.9828
899881,12:07:00,12:07:00,7513,12,,0,0,25.9828
899882,10:37:00,10:37:00,7513,12,,0,0,25.9828
899883, 9:07:00, 9:07:00,7513,12,,0,0,25.9828
908812,19:51:42,19:51:42,6816,2,,0,0,0.1514
910954,19:33:00,19:33:00,7513,17,,0,0,3.4341
910955,18:33:00,18:33:00,7513,17,,0,0,3.4341
910956,17:33:00,17:33:00,7513,17,,0,0,3.4341
910957,16:33:00,16:33:00,7513,17,,0,0,3.4341
910958,15:33:00,15:33:00,7513,17,,0,0,3.4341
910959,14:33:00,14:33:00,7513,17,,0,0,3.4341
910960,13:33:00,13:33:00,7513,17,,0,0,3.4341
910961,12:33:00,12:33:00,7513,17,,0,0,3.4341
910962,11:33:00,11:33:00,7513,17,,0,0,3.4341
910963,10:33:00,10:33:00,7513,17,,0,0,3.4341
910964, 9:33:00, 9:33:00,7513,17,,0,0,3.4341
910965, 8:33:00, 8:33:00,7513,17,,0,0,3.4341
910966, 7:33:00, 7:33:00,7513,17,,0,0,3.4341
910967, 7:33:00, 7:33:00,7513,1,,0,0,
910967, 7:33:53, 7:33:53,6816,2,,0,0,0.1926
910971,16:33:00,16:33:00,7513,1,,0,0,
910971,16:33:53,16:33:53,6816,2,,0,0,0.1926
910972,15:33:00,15:33:00,7513,1,,0,0,
910972,15:33:53,15:33:53,6816,2,,0,0,0.1926
910973,14:33:00,14:33:00,7513,1,,0,0,
910973,14:33:53,14:33:53,6816,2,,0,0,0.1926
910974,13:33:00,13:33:00,7513,1,,0,0,
910974,13:33:53,13:33:53,6816,2,,0,0,0.1926
910975,12:33:00,12:33:00,7513,1,,0,0,
910975,12:33:53,12:33:53,6816,2,,0,0,0.1926
910976,11:33:00,11:33:00,7513,1,,0,0,
910976,11:33:53,11:33:53,6816,2,,0,0,0.1926
910977,10:33:00,10:33:00,7513,1,,0,0,
910977,10:33:53,10:33:53,6816,2,,0,0,0.1926
910978, 9:33:00, 9:33:00,7513,1,,0,0,
910978, 9:33:53, 9:33:53,6816,2,,0,0,0.1926
910979, 8:33:00, 8:33:00,7513,1,,0,0,
910979, 8:33:53, 8:33:53,6816,2,,0,0,0.1926
910968,19:33:00,19:33:00,7513,1,,0,0,
910968,19:33:53,19:33:53,6816,2,,0,0,0.1926
910969,18:33:00,18:33:00,7513,1,,0,0,
910969,18:33:53,18:33:53,6816,2,,0,0,0.1926
910970,17:33:00,17:33:00,7513,1,,0,0,
910970,17:33:53,17:33:53,6816,2,,0,0,0.1926
911009,15:11:00,15:11:00,7513,1,,0,0,
911010,13:11:00,13:11:00,7513,1,,0,0,
911011,11:11:00,11:11:00,7513,1,,0,0,
911013,17:11:00,17:11:00,7513,1,,0,0,
911014, 9:11:00, 9:11:00,7513,1,,0,0,
913082,19:53:00,19:53:00,7513,35,,0,0,8.217
913083,18:53:00,18:53:00,7513,35,,0,0,8.217
913084,17:53:00,17:53:00,7513,35,,0,0,8.217
913085,16:53:00,16:53:00,7513,35,,0,0,8.217
913086,15:53:00,15:53:00,7513,35,,0,0,8.217
913087,14:53:00,14:53:00,7513,35,,0,0,8.217
913088,13:53:00,13:53:00,7513,35,,0,0,8.217
913089,12:53:00,12:53:00,7513,35,,0,0,8.217
913090,11:53:00,11:53:00,7513,35,,0,0,8.217
913091,10:53:00,10:53:00,7513,35,,0,0,8.217
913092, 9:53:00, 9:53:00,7513,35,,0,0,8.217
913093, 8:53:00, 8:53:00,7513,35,,0,0,8.217
913094, 7:53:00, 7:53:00,7513,35,,0,0,8.217
911127,11:11:00,11:11:00,7513,52,,0,0,14.6572
911130, 9:11:00, 9:11:00,7513,52,,0,0,14.6572
911113,20:41:42,20:41:42,6816,53,,0,0,14.5854
911115,19:11:42,19:11:42,6816,53,,0,0,14.5854
911118,17:11:00,17:11:00,7513,52,,0,0,14.6572
911121,15:11:00,15:11:00,7513,52,,0,0,14.6572
911124,13:11:00,13:11:00,7513,52,,0,0,14.6572
913095,19:53:43,19:53:43,6816,2,,0,0,0.1514
913096,18:53:43,18:53:43,6816,2,,0,0,0.1514
913097,13:53:43,13:53:43,6816,2,,0,0,0.1514
913098,10:53:43,10:53:43,6816,2,,0,0,0.1514
913099,17:53:43,17:53:43,6816,2,,0,0,0.1514
913100,16:53:43,16:53:43,6816,2,,0,0,0.1514
913101,15:53:43,15:53:43,6816,2,,0,0,0.1514
913102,14:53:43,14:53:43,6816,2,,0,0,0.1514
913103,12:53:43,12:53:43,6816,2,,0,0,0.1514
913104,11:53:43,11:53:43,6816,2,,0,0,0.1514
913105, 9:53:43, 9:53:43,6816,2,,0,0,0.1514
913106, 8:53:43, 8:53:43,6816,2,,0,0,0.1514
913107, 7:53:43, 7:53:43,6816,2,,0,0,0.1514
910938,19:51:42,19:51:42,6816,2,,0,0,0.1514
911135,18:15:00,18:15:00,7513,1,,0,0,
911135,18:16:15,18:16:15,6816,2,,0,0,0.1926
911136,16:45:00,16:45:00,7513,1,,0,0,
911136,16:46:15,16:46:15,6816,2,,0,0,0.1926
911137,15:15:00,15:15:00,7513,1,,0,0,
911137,15:16:15,15:16:15,6816,2,,0,0,0.1926
911138,13:45:00,13:45:00,7513,1,,0,0,
911138,13:46:15,13:46:15,6816,2,,0,0,0.1926
911139,12:15:00,12:15:00,7513,1,,0,0,
911139,12:16:15,12:16:15,6816,2,,0,0,0.1926
911140,10:45:00,10:45:00,7513,1,,0,0,
911140,10:46:15,10:46:15,6816,2,,0,0,0.1926
911141, 9:15:00, 9:15:00,7513,1,,0,0,
911141, 9:16:15, 9:16:15,6816,2,,0,0,0.1926
911142, 7:45:00, 7:45:00,7513,1,,0,0,
911142, 7:46:15, 7:46:15,6816,2,,0,0,0.1926
911143,19:34:00,19:34:00,7513,12,,0,0,25.9828
911144,18:07:00,18:07:00,7513,12,,0,0,25.9828
911145,16:37:00,16:37:00,7513,12,,0,0,25.9828
911146,15:07:00,15:07:00,7513,12,,0,0,25.9828
911147,13:37:00,13:37:00,7513,12,,0,0,25.9828
911148,12:07:00,12:07:00,7513,12,,0,0,25.9828
911149,10:37:00,10:37:00,7513,12,,0,0,25.9828
911150, 9:07:00, 9:07:00,7513,12,,0,0,25.9828
